44
-7703 0
-7321 2395.66
-6858 3507.71
-6372 4328.26
-6067 4746.34
-5816 5050.78
-5499 5394.18
-5374 5518.73
-5274 5614.37
-4811 6015.85
-4452 6286.17
-4047 6554.24
-3917 6632.75
-3661 6777.41
-3517 6853.24
-3165 7022.75
-2747 7196.54
-2637 7237.57
-2159 7394.25
-1862 7474.57
-1471 7561.24
-1147 7617.13
-842 7656.84
-457 7689.43
-113 7702.17
342 7695.4
471 7688.59
701 7671.04
1010 7636.5
1189 7610.68
1297 7593.02
1466 7562.21
1827 7483.2
2299 7351.93
2527 7276.71
2765 7189.64
3060 7069.13
3177 7017.33
3514 6854.78
3882 6653.29
4362 6348.95
4630 6156.24
4902 5941.94
0 -7703
