73
-7326 0
-6885 2503.41
-6780 2775.23
-6633 3110.24
-6427 3516.24
-5943 4283.81
-5646 4668.29
-5436 4911.23
-5003 5351.66
-4659 5653.67
-4502 5779.47
-4051 6104.07
-3931 6182.03
-3817 6253.06
-3357 6511.59
-3107 6634.52
-2613 6844.16
-2500 6886.24
-2123 7011.64
-1815 7097.61
-1660 7135.45
-1317 7206.65
-829 7278.94
-448 7312.29
-322 7318.92
-198 7323.32
-40 7325.89
321 7318.96
588 7302.36
723 7290.24
943 7265.06
1180 7230.34
1556 7158.85
1782 7105.97
2066 7028.65
2548 6868.62
2757 6787.43
3238 6571.58
3502 6434.77
3716 6313.61
4041 6110.7
4363 5885.11
4601 5700.97
5019 5336.66
5355 4999.43
5552 4779.7
5719 4578.57
6122 4023.85
6332 3684.57
6449 3475.73
6659 3054.18
6998 2167.55
7358 -nan
7555 -nan
7774 -nan
8234 -nan
8528 -nan
8879 -nan
9272 -nan
9733 -nan
10119 -nan
10232 -nan
10429 -nan
10690 -nan
11002 -nan
11384 -nan
11699 -nan
12193 -nan
12628 -nan
13107 -nan
13388 -nan
13720 -nan
0 -7326
