62
-7929 0
-7620 2191.95
-7505 2558.13
-7188 3346.89
-7004 3716.59
-6705 4232.26
-6371 4720.11
-6004 5178.9
-5867 5333.61
-5600 5613.29
-5136 6040.74
-4807 6305.7
-4581 6471.74
-4251 6693.13
-4072 6803.52
-3954 6872.77
-3663 7032.17
-3198 7255.47
-2994 7342
-2533 7513.52
-2308 7585.66
-1819 7717.53
-1404 7803.71
-964 7870.18
-481 7914.4
-131 7927.92
361 7920.78
697 7898.31
878 7880.24
1242 7831.12
1496 7786.59
1900 7697.99
2045 7660.75
2387 7561.17
2681 7461.99
2983 7346.48
3123 7288.07
3250 7232.33
3418 7154.46
3668 7029.57
3962 6868.16
4166 6746.37
4646 6425.24
5139 6038.19
5574 5639.11
5732 5478.43
5916 5279.2
6214 4924.96
6337 4765.66
6625 4356.42
6883 3936.16
7204 3312.31
7481 2627.49
7727 1778.35
8061 -nan
8393 -nan
8889 -nan
9214 -nan
9454 -nan
9703 -nan
9964 -nan
0 -7929
