80 27
27 919 793 479 487 36 916 783 2 657 62 788 855 299 125 365 990 30 451 597 947 815 110 886 858 683 179
967 648 759 993 27 29 785 505 867 172 420 2 173 76 415 313 283 713 437 999 702 819 449 650 765 615 111
3 824 793 533 790 793 643 782 819 671 918 323 890 89 94 891 614 522 305 926 804 17 714 802 71 532 602
72 649 216 183 651 39 327 183 828 119 826 961 289 848 230 611 89 318 705 979 283 578 635 208 381 4 274
534 426 805 135 849 805 702 383 807 92 710 990 919 180 167 231 469 366 460 431 455 129 487 785 412 64 772
971 796 127 244 329 904 401 815 752 205 516 135 12 607 196 353 877 375 871 459 195 588 918 978 42 47 816
179 810 880 950 132 675 76 376 356 979 776 170 82 332 38 216 695 996 411 47 225 138 269 683 684 857 953
661 250 351 477 428 160 708 729 291 734 156 18 89 486 145 611 568 477 1000 783 171 347 546 570 571 35 190
606 718 46 558 731 648 908 559 75 419 266 804 709 999 959 79 440 445 223 402 364 51 401 498 574 747 395
495 670 429 684 275 499 82 184 229 729 91 787 803 509 404 958 569 402 269 647 193 65 222 594 780 272 346
277 197 445 672 691 466 100 375 740 598 456 275 178 184 365 316 338 225 719 648 145 121 268 792 665 332 365
611 111 988 956 739 185 752 410 875 217 862 249 308 811 56 582 989 591 298 304 929 522 375 928 667 495 195
810 511 526 174 121 988 513 429 726 697 180 488 924 397 349 524 56 159 580 638 499 170 935 155 450 809 529
377 475 375 571 636 885 448 161 6 787 673 786 865 722 965 352 645 713 700 168 769 858 99 758 709 621 44
863 70 852 391 799 678 765 369 313 649 169 825 6 955 498 791 819 219 108 170 215 820 221 734 940 431 185
49 139 805 93 1 874 296 391 24 326 507 393 990 155 913 815 513 867 664 655 38 234 762 559 448 934 780
533 225 210 717 274 700 521 718 700 747 365 442 770 690 948 514 32 454 426 846 318 645 509 973 682 742 86
240 541 371 371 73 596 580 790 869 279 310 938 330 408 302 123 178 992 70 691 23 876 469 220 545 113 80
869 146 821 955 737 361 325 108 785 920 39 574 140 318 236 77 999 643 379 122 172 722 543 863 96 770 683
667 315 795 746 183 292 918 137 28 630 814 135 414 85 174 988 577 843 575 653 841 217 383 314 389 456 857
603 903 626 637 569 940 783 314 475 74 231 611 101 212 776 588 626 213 113 965 789 955 539 793 147 107 528
461 847 983 669 801 238 294 437 806 586 219 472 60 644 54 22 97 266 150 684 891 362 796 207 150 750 745
942 248 203 469 60 50 804 728 850 41 374 639 198 959 209 669 370 853 75 743 949 340 892 632 582 253 779
140 754 880 884 696 127 438 516 187 487 319 914 689 711 639 679 909 597 887 577 318 739 651 61 39 342 304
670 275 557 800 414 310 679 649 357 806 87 873 344 925 543 609 613 254 248 643 162 196 530 90 514 268 93
926 659 786 229 328 61 137 128 826 799 806 475 507 963 913 731 306 837 274 267 802 879 514 444 392 709 973
481 574 593 573 851 251 711 432 930 771 568 409 948 718 567 774 225 881 686 307 539 875 932 805 676 810 318
471 201 378 796 34 952 388 958 802 990 668 585 271 790 153 32 738 222 598 863 798 478 549 105 16 423 36
172 450 198 489 920 750 219 715 783 170 454 93 323 795 760 908 66 902 412 449 991 985 46 853 783 875 753
239 243 175 626 414 976 823 255 896 925 473 962 707 994 768 151 668 562 263 927 979 164 338 427 506 675 824
358 457 699 463 47 941 989 672 706 965 495 960 212 419 432 525 477 425 292 980 93 206 242 19 536 757 709
963 262 383 138 971 191 836 785 237 128 774 908 834 738 754 793 301 524 577 825 353 1 117 332 445 674 925
816 209 681 876 523 294 610 661 616 800 848 401 388 976 174 295 161 263 401 305 563 924 881 387 628 234 855
959 30 528 235 845 737 267 72 259 912 681 271 528 832 119 280 219 446 805 866 606 67 266 910 981 541 791
719 169 376 574 479 405 453 66 602 541 332 673 152 244 706 422 123 537 540 402 108 985 558 325 942 624 590
852 956 482 994 674 2 721 247 833 125 700 898 726 592 581 751 743 176 808 165 298 696 56 51 803 41 608
479 334 583 420 537 538 902 530 212 255 250 810 439 727 509 336 804 101 269 554 195 444 713 359 94 409 415
144 563 807 104 42 140 686 461 677 224 714 558 787 969 160 596 407 886 457 95 689 909 715 595 103 158 307
462 603 715 228 747 630 34 202 671 173 887 131 201 462 845 759 248 165 918 844 571 803 652 17 843 560 731
437 662 241 744 475 843 810 702 941 439 735 142 461 260 381 944 460 842 140 218 442 304 487 637 226 289 288
595 484 847 325 920 860 917 15 335 760 177 36 52 967 123 194 428 382 574 371 841 767 510 411 208 165 897
844 742 538 131 336 21 329 13 292 189 929 307 875 688 483 262 740 801 384 285 228 117 858 950 310 624 811
720 184 975 968 27 69 857 510 404 877 838 416 169 378 345 827 252 384 661 866 475 461 249 759 41 366 968
990 675 944 153 746 479 479 713 505 547 570 366 951 798 204 366 318 933 62 144 537 798 156 402 272 617 650
383 9 367 702 998 393 645 150 138 123 629 203 980 175 124 345 477 273 900 195 591 833 256 86 721 53 594
122 677 210 123 59 218 842 760 567 234 757 69 724 231 49 278 562 575 753 907 52 25 158 246 967 342 853
405 62 258 998 535 934 207 658 344 776 851 103 694 436 211 762 159 442 810 788 3 385 540 261 788 917 419
385 883 760 237 287 174 846 284 708 779 842 717 122 969 567 577 663 3 139 776 513 932 938 653 287 674 192
547 461 108 317 197 343 429 433 629 602 631 265 309 409 106 378 883 75 944 811 89 298 949 216 163 233 153
167 519 826 358 65 638 818 382 186 512 162 619 492 763 601 756 423 361 214 800 243 640 96 405 728 745 706
295 907 938 448 425 456 625 783 872 615 952 605 800 815 766 770 306 880 370 62 303 731 627 102 325 266 549
82 345 294 139 639 552 76 86 977 883 63 111 106 29 414 711 828 228 828 950 533 708 319 946 10 401 572
463 726 837 12 159 533 657 297 172 208 724 609 184 606 671 294 63 699 707 125 879 286 953 828 171 12 146
116 373 899 40 835 976 228 198 134 761 854 782 932 414 505 540 597 462 563 243 524 613 301 649 491 939 953
318 109 964 816 576 336 714 615 522 41 195 72 174 955 277 955 238 690 459 129 639 272 43 233 795 656 533
795 146 471 747 464 579 62 631 507 749 696 121 271 736 667 694 909 621 970 215 210 660 25 691 650 296 733
882 442 388 414 237 886 237 335 701 167 397 331 673 145 26 146 767 113 812 460 373 785 782 587 346 793 611
36 442 258 121 323 699 860 88 287 745 676 622 445 843 18 127 867 514 504 364 281 616 176 92 988 960 873
574 657 665 536 693 106 145 813 780 844 672 220 130 769 895 751 213 89 120 340 308 634 195 671 266 811 846
357 798 157 230 724 814 894 611 858 352 756 22 483 599 45 702 80 813 597 183 378 37 302 69 344 287 263
15 552 73 212 261 223 369 490 298 534 735 908 391 438 663 764 921 613 808 622 45 973 570 227 350 607 880
770 950 519 32 316 422 457 528 682 31 248 523 328 781 610 235 523 47 250 638 319 862 445 941 258 769 862
484 118 468 716 887 770 586 271 85 7 727 964 689 757 211 563 436 343 172 670 217 219 919 854 889 133 651
829 390 419 691 226 889 510 293 127 631 878 397 68 884 475 31 924 583 594 487 18 936 10 40 505 580 958
358 469 442 8 297 184 779 339 761 667 201 53 145 831 930 542 898 165 368 281 441 951 874 927 320 161 936
359 665 868 669 375 336 110 734 984 645 512 675 405 530 875 457 675 57 738 568 955 255 935 587 695 237 460
973 909 620 260 267 637 127 287 11 462 749 744 446 393 608 120 798 137 346 606 163 402 696 82 708 950 369
294 996 605 753 968 865 725 227 132 713 354 770 723 815 518 818 612 911 777 731 60 266 76 17 428 830 64
510 537 13 878 831 360 834 583 327 699 659 554 182 371 259 303 445 73 821 615 37 83 391 767 494 656 195
862 436 24 926 297 560 290 526 390 650 359 325 976 409 335 881 942 58 139 245 854 564 65 468 600 499 211
366 992 218 912 853 653 287 778 301 199 68 826 940 717 185 616 44 945 951 925 887 360 63 131 213 626 547
33 577 45 243 295 36 460 206 888 465 845 18 765 43 85 591 982 153 127 598 548 71 900 824 309 259 239
439 471 216 985 855 793 29 97 87 416 909 644 304 725 488 673 841 530 109 783 512 613 261 461 160 332 360
984 640 970 222 431 792 789 415 647 581 796 95 667 211 355 311 866 79 798 538 272 680 646 54 543 258 667
355 770 350 714 105 989 35 678 771 826 466 538 472 47 685 567 713 895 273 375 113 352 525 650 975 556 648
380 98 257 46 452 26 395 517 130 736 551 807 506 376 273 395 200 671 79 118 735 974 390 110 438 93 986
439 67 541 86 799 990 695 844 793 720 239 309 202 326 211 8 831 938 632 578 137 302 656 606 37 981 996
498 418 440 835 857 507 375 294 305 364 988 500 156 60 738 816 261 415 26 620 598 963 604 175 452 257 830
57 293 811 404 142 580 844 976 788 702 702 82 6 417 421 857 924 480 947 739 92 361 116 712 958 431 667
132 882 923 314 290 568 476 694 709 55 889 37 195 590 738 276 947 155 48 803 78 528 749 817 971 110 284
