1000
511 846
510 529
191 987
270 936
450 458
548 670
567 720
137 531
398 882
551 956
121 340
110 674
438 681
524 654
41 882
716 886
226 744
730 767
388 416
18 873
687 837
756 772
407 909
286 640
594 658
130 543
285 652
155 722
31 684
375 724
443 912
656 962
20 80
435 737
467 754
656 659
783 793
411 551
43 48
542 700
84 993
182 278
688 736
351 771
78 718
847 982
808 872
637 891
239 725
325 705
335 831
360 623
117 122
159 525
66 170
162 211
502 744
589 791
431 494
359 501
205 571
442 482
118 364
332 602
8 194
24 307
18 694
811 998
140 522
321 661
531 940
174 441
274 317
57 381
739 810
557 732
38 944
525 659
208 507
52 261
567 919
76 260
73 288
70 427
391 947
238 439
273 965
678 899
281 410
442 955
148 863
173 443
49 252
102 110
256 714
161 822
588 632
81 919
503 661
698 959
245 488
196 517
225 452
84 415
634 721
133 525
49 935
186 576
29 97
647 704
94 808
77 877
310 395
407 995
44 812
56 717
884 912
335 924
136 691
121 419
295 763
254 698
181 344
235 440
561 882
496 654
41 372
730 787
76 681
194 492
472 910
355 899
174 175
41 661
217 459
782 979
387 754
28 449
615 919
240 479
496 735
484 888
107 565
139 674
219 640
463 983
233 481
6 817
407 858
623 666
668 799
773 954
185 333
103 573
813 947
794 933
416 899
5 681
707 980
496 972
277 478
109 786
710 955
114 117
780 812
91 831
396 930
115 956
528 729
27 569
340 502
239 821
269 853
595 601
442 911
188 924
709 919
629 648
663 762
97 826
539 893
9 822
287 964
288 367
491 857
183 393
213 710
330 773
418 719
328 930
161 205
79 867
266 515
59 280
276 507
106 520
46 466
332 341
429 629
271 698
442 837
805 898
7 929
227 424
509 648
103 160
713 970
590 978
484 649
111 610
67 155
552 630
322 532
235 312
284 302
490 582
726 739
387 732
614 667
155 666
122 609
177 186
578 767
413 516
125 767
273 523
191 504
74 825
59 178
385 831
318 343
321 420
56 707
75 151
657 672
92 145
265 269
195 331
35 198
153 607
482 674
425 864
249 337
514 937
660 673
345 354
17 990
398 773
75 275
472 747
915 931
547 891
183 573
93 569
700 770
443 721
146 533
658 869
746 946
735 757
431 618
110 608
234 447
5 521
508 828
267 790
510 742
689 925
434 781
556 845
480 918
12 998
8 415
160 233
953 967
917 923
378 397
195 530
612 886
67 119
686 713
261 806
195 949
82 628
729 927
535 561
533 844
258 572
156 892
196 769
37 122
118 870
415 999
26 416
236 483
300 496
168 756
106 714
187 704
693 785
228 465
345 660
112 268
3 269
38 424
550 897
426 668
119 840
18 534
217 254
65 368
535 553
10 820
600 876
197 293
13 660
4 872
673 983
271 293
46 337
682 886
108 943
413 905
299 923
516 946
528 666
80 580
552 751
90 152
638 978
796 989
650 667
674 992
615 649
337 967
12 648
222 306
107 479
406 718
401 664
280 921
329 852
232 359
800 954
383 932
178 789
791 920
196 264
196 464
230 782
532 593
106 782
888 899
584 616
293 336
565 631
311 615
325 768
74 543
125 925
265 357
455 628
55 650
871 891
472 846
377 652
65 433
834 963
417 673
930 965
561 752
366 882
1 871
43 413
74 167
338 430
144 783
58 838
300 793
638 708
124 359
367 540
144 200
816 854
783 969
132 720
343 365
214 438
366 480
791 978
667 998
221 780
630 810
603 969
676 929
404 592
310 387
882 943
510 796
49 478
180 579
273 549
338 897
486 614
464 817
166 404
482 976
292 298
266 605
246 886
294 837
641 680
147 584
8 561
609 731
309 837
140 385
388 582
419 723
1 891
234 757
409 716
706 732
359 689
323 604
616 926
440 566
647 938
207 501
232 297
133 167
659 892
825 870
46 944
47 244
186 829
155 594
544 886
254 651
926 974
203 857
589 649
236 769
586 621
235 794
852 961
96 367
588 971
16 920
163 531
414 717
344 568
239 662
313 806
493 731
286 349
226 934
54 997
461 935
607 674
169 878
887 919
889 973
475 892
256 357
407 670
73 750
87 237
42 340
399 832
125 684
181 410
261 529
74 463
463 488
680 983
365 950
689 870
344 838
93 933
691 700
114 125
440 703
211 779
96 961
220 963
143 996
256 629
23 443
329 486
360 931
647 820
309 689
146 688
384 620
436 591
310 704
101 560
122 406
231 502
434 545
73 429
54 687
62 684
365 496
778 899
718 724
33 777
407 816
530 790
435 472
96 225
136 528
285 548
130 609
42 138
211 675
470 713
506 616
463 774
222 672
241 945
369 390
148 329
184 211
937 970
514 682
209 417
1 964
494 610
445 631
119 651
193 473
184 808
330 957
271 551
863 981
495 722
176 583
766 869
157 386
67 87
22 503
23 628
473 818
262 632
455 634
381 648
458 564
787 807
429 872
204 337
184 643
225 925
145 359
96 342
428 654
27 162
141 282
49 99
32 613
361 420
93 666
123 419
225 656
262 879
6 598
435 1000
359 781
225 491
856 918
586 861
100 698
887 979
240 936
78 205
319 438
336 976
394 530
459 537
72 970
327 767
201 669
327 802
551 912
292 767
820 878
517 979
329 865
496 920
152 573
476 823
362 451
158 243
844 968
166 779
39 897
492 708
98 818
9 509
152 720
127 540
105 381
56 709
321 903
825 981
456 827
540 647
804 907
102 782
772 912
162 267
759 809
869 906
729 928
266 648
233 744
187 613
200 594
520 674
654 849
675 696
342 461
215 367
348 498
621 821
260 439
68 782
549 651
325 477
590 731
124 963
333 662
884 928
607 953
403 455
99 606
66 482
48 792
289 785
395 605
654 909
43 43
73 944
397 693
420 775
338 895
22 90
17 556
514 905
660 969
926 969
110 802
343 901
479 849
542 595
435 802
601 830
673 844
773 888
192 422
111 663
86 104
485 993
120 389
440 506
400 826
509 717
411 627
475 762
655 890
324 422
22 808
153 652
277 694
467 891
468 905
578 905
8 62
479 897
403 802
202 270
228 986
62 207
175 397
33 286
181 454
961 989
466 475
521 992
742 882
562 987
139 916
146 466
329 363
131 977
117 246
684 696
97 232
902 980
272 935
452 617
388 577
215 792
394 783
136 735
665 721
155 697
514 989
300 317
228 276
447 696
482 874
105 392
579 645
202 436
52 579
5 319
797 980
374 533
267 579
595 861
339 909
101 327
401 774
2 644
28 442
697 901
440 924
357 854
85 792
55 663
195 411
333 527
207 217
138 900
112 483
84 174
185 372
145 852
847 937
146 964
195 289
217 564
634 925
417 718
717 823
263 733
65 233
789 792
40 282
116 281
503 716
641 874
493 900
19 188
339 516
504 979
710 720
344 542
310 644
61 712
484 793
717 975
115 210
843 860
140 155
310 657
855 951
107 883
443 901
133 294
416 797
112 126
5 868
512 821
315 881
575 798
26 549
587 866
16 77
170 429
216 738
178 423
60 688
482 881
174 312
80 615
323 726
190 205
377 730
53 396
257 628
546 634
176 411
220 543
488 1000
55 64
242 738
777 829
653 709
259 317
225 235
396 557
950 952
31 98
151 328
779 936
324 778
305 570
86 789
848 925
789 911
332 878
160 504
509 654
221 264
455 825
220 488
363 789
171 460
172 850
610 950
387 785
625 706
44 710
847 891
635 987
153 318
657 864
829 869
49 165
485 989
855 972
217 560
82 113
284 677
638 931
67 585
209 377
420 773
270 619
256 662
605 814
573 820
402 822
688 986
172 802
326 657
237 496
608 873
318 901
600 891
539 827
267 667
35 791
656 686
409 699
365 912
512 836
184 334
589 871
391 671
349 395
47 890
271 585
255 497
172 739
62 854
872 917
303 328
365 662
422 958
63 869
138 926
57 321
611 645
544 634
35 938
433 982
179 918
675 704
172 875
378 765
288 681
249 967
263 335
292 331
36 745
174 513
569 670
494 633
213 389
248 266
247 326
32 504
164 735
530 688
646 961
65 248
313 678
12 214
896 927
304 963
640 816
488 662
333 736
294 948
722 911
399 547
509 579
24 903
313 784
626 711
775 782
459 873
439 440
718 823
478 686
32 678
293 519
28 339
204 984
327 925
874 894
323 402
577 804
116 425
488 713
494 741
262 966
53 952
126 756
441 771
603 802
118 247
673 808
626 876
791 953
36 152
178 474
789 981
403 566
96 115
53 189
608 666
506 911
71 261
37 841
701 991
171 994
18 238
863 978
121 893
44 815
344 508
297 870
324 624
772 862
266 738
697 960
817 931
1 959
77 347
129 193
338 539
299 575
556 629
789 801
101 604
196 608
65 299
256 623
117 688
394 777
705 734
17 473
432 521
369 949
130 562
77 467
452 728
7 41
356 830
159 808
355 785
83 415
419 671
57 459
139 802
587 873
412 506
378 889
609 843
324 326
170 403
791 973
183 482
837 980
138 364
