1000
500 996
410 492
263 583
432 991
73 923
11 793
298 795
35 422
28 616
353 643
165 940
107 730
137 588
468 912
276 776
771 958
775 801
533 709
415 964
52 839
844 886
32 850
271 493
418 520
413 887
826 873
331 577
65 555
818 919
46 885
445 842
572 817
349 642
280 409
331 664
247 902
96 526
19 933
367 703
538 605
115 762
430 691
336 445
107 363
153 991
408 950
576 832
521 826
152 276
234 940
480 835
360 841
125 928
378 646
268 827
250 941
381 679
825 983
90 366
518 539
299 432
616 819
339 874
150 441
26 491
89 677
281 857
36 784
757 766
429 584
33 678
765 876
211 708
73 590
128 652
83 943
426 761
652 698
452 490
801 942
241 515
372 618
5 873
507 629
288 770
154 564
317 792
25 919
2 860
449 653
339 391
117 735
504 785
768 955
274 920
141 248
217 512
384 512
221 370
343 364
657 928
496 974
719 766
72 350
798 977
316 724
541 810
44 784
594 903
350 868
597 822
8 333
813 871
68 385
431 592
249 727
575 710
574 780
275 692
669 851
72 926
336 964
471 736
7 329
373 708
546 548
304 555
468 878
297 777
205 369
727 931
789 969
857 894
568 901
168 771
591 921
608 696
431 555
78 913
112 802
621 659
347 924
566 576
342 744
872 948
62 950
230 382
439 738
275 658
339 442
611 780
33 475
218 587
258 647
369 851
448 471
379 794
747 944
369 490
240 638
699 789
189 370
81 279
355 808
498 936
149 715
108 533
325 541
119 150
969 971
770 870
249 792
538 563
283 544
181 379
167 522
63 880
312 888
693 696
18 980
166 545
46 653
586 698
168 329
88 652
489 957
280 421
336 557
101 169
547 618
281 492
65 512
906 952
598 823
841 999
544 577
6 622
56 548
228 559
223 646
63 231
4 603
159 342
339 510
308 611
56 892
472 799
403 704
424 578
301 774
229 770
127 317
216 850
182 409
444 757
54 674
8 819
161 677
367 519
22 129
430 675
372 473
127 901
529 676
181 704
450 473
118 410
259 599
334 781
19 777
425 889
707 802
432 831
219 302
197 241
223 431
22 802
48 274
576 928
950 983
751 756
455 517
406 868
128 201
146 538
329 426
483 570
132 354
313 351
509 655
437 943
732 964
131 591
237 870
538 706
813 853
288 307
330 508
64 457
60 601
741 954
26 876
158 223
535 581
235 860
154 395
24 478
469 614
57 608
313 483
687 947
234 478
159 346
93 409
153 615
10 920
35 893
115 795
375 544
1 755
395 962
260 337
728 873
480 950
784 785
83 145
823 974
168 316
132 761
98 576
913 937
17 157
164 972
623 867
623 890
851 974
17 233
187 241
488 961
73 97
569 624
179 446
542 846
25 613
540 606
122 870
477 490
378 800
5 1000
666 895
622 991
745 991
224 284
231 536
303 771
746 984
162 223
191 764
155 359
317 788
261 695
171 538
103 916
107 322
915 987
1 537
98 330
527 553
109 381
88 503
71 764
249 986
439 584
294 750
594 889
610 640
148 502
810 956
63 131
62 977
415 469
150 865
512 743
244 702
141 852
98 615
346 563
498 600
137 701
82 792
753 942
443 721
882 900
314 750
364 811
184 643
507 577
334 440
250 387
453 683
528 781
67 442
18 478
614 940
71 731
12 695
483 767
735 806
555 648
48 363
690 717
294 547
232 549
150 733
618 768
497 602
20 548
377 939
389 878
459 991
37 960
470 794
627 804
528 803
181 928
166 250
64 969
543 869
295 627
18 912
394 971
293 409
342 699
670 731
12 576
541 887
48 363
203 680
560 989
6 522
523 839
159 771
586 665
28 880
291 397
37 143
720 903
61 329
350 601
528 791
332 361
761 766
46 446
34 963
357 968
547 907
677 842
57 427
84 341
658 984
153 833
20 552
55 348
8 612
698 755
410 535
438 653
170 483
133 450
806 868
452 775
294 704
451 760
72 144
196 730
380 479
234 498
288 931
197 894
647 894
534 1000
437 656
186 825
271 635
139 309
761 792
265 495
67 406
477 606
153 210
558 688
532 791
462 537
431 734
77 708
707 979
610 634
144 795
766 811
119 429
220 904
231 520
66 636
24 587
148 465
22 176
708 836
724 813
521 595
228 457
436 671
287 633
421 782
231 427
208 547
350 803
779 932
197 322
568 908
32 220
56 395
243 405
454 569
966 975
163 775
554 834
210 840
466 982
244 621
168 213
451 914
322 582
643 845
412 778
903 997
795 958
200 743
197 552
517 768
283 523
76 643
116 852
268 933
240 834
398 528
331 407
80 311
507 912
689 723
271 625
37 65
779 934
485 616
327 736
353 849
18 996
485 925
199 544
384 769
296 783
542 781
443 626
621 889
695 950
572 929
319 965
604 988
604 744
422 440
691 793
271 708
140 547
544 690
90 312
74 872
206 959
413 937
1 386
302 825
80 754
751 873
718 860
354 813
794 815
235 505
857 938
429 564
107 403
118 492
543 770
715 729
101 128
453 665
513 841
592 754
594 978
342 664
48 189
4 828
193 414
482 860
270 424
672 910
379 530
515 652
230 274
380 726
396 709
178 221
236 283
164 182
260 858
197 448
257 376
449 803
663 790
282 411
86 191
435 967
921 949
546 618
178 349
238 271
744 800
332 458
82 974
693 865
183 413
141 439
788 943
239 929
520 957
42 340
62 774
361 982
74 978
604 880
327 502
422 841
651 654
105 735
321 624
428 806
733 920
596 873
214 834
171 801
140 353
414 564
265 924
691 747
254 978
294 932
480 486
133 705
136 810
111 219
482 998
215 268
863 917
87 483
239 696
5 400
731 920
813 995
196 912
37 449
330 889
368 380
84 816
303 852
71 245
414 727
68 681
293 337
544 731
171 591
527 969
699 991
155 446
46 641
418 434
307 441
764 820
26 931
230 256
585 852
652 998
719 930
222 679
407 574
304 929
516 625
455 858
675 901
72 365
782 893
334 506
440 621
505 818
760 903
47 487
698 964
485 893
515 768
175 467
88 122
103 955
746 910
421 813
177 810
492 702
349 958
35 750
540 969
567 871
613 651
358 966
194 662
211 429
677 708
147 955
150 410
101 896
319 913
128 668
441 511
181 751
568 860
180 500
66 107
109 403
30 112
75 691
285 305
364 471
313 426
510 814
187 962
505 709
227 728
667 984
516 591
417 450
83 268
541 981
333 383
362 650
76 494
404 798
712 875
376 513
22 652
189 838
250 336
562 694
677 977
567 580
349 544
368 627
349 616
167 301
83 168
14 577
243 418
726 954
239 292
295 329
518 612
132 947
119 825
95 860
792 853
14 396
140 381
107 374
81 893
164 407
60 421
92 303
817 838
481 608
55 289
667 775
158 258
276 613
434 825
286 722
616 735
33 755
468 759
213 900
620 651
415 710
392 506
364 581
323 324
377 413
539 612
121 395
360 796
229 396
184 469
799 866
556 898
23 905
8 469
274 658
88 689
368 831
83 194
411 868
406 823
369 597
361 991
489 508
236 702
736 885
601 705
35 260
291 851
634 858
760 907
199 868
587 947
30 493
669 792
427 712
308 967
679 795
636 651
187 352
223 274
589 927
227 623
429 538
266 523
25 286
430 505
575 728
91 956
112 220
748 932
66 538
591 684
241 744
319 930
542 945
533 556
782 820
507 710
210 772
232 847
13 148
352 723
442 741
312 678
553 777
442 595
186 842
126 938
778 796
74 219
689 774
509 606
113 555
218 764
236 449
384 611
814 962
106 554
135 755
217 660
264 812
101 105
349 578
394 478
374 613
414 552
157 386
274 941
491 621
704 857
292 666
105 592
49 979
10 86
183 226
745 798
197 389
737 903
127 648
215 852
118 260
265 646
539 626
247 938
381 993
24 455
398 659
480 989
446 489
74 980
67 818
455 778
32 367
192 493
679 758
344 939
227 608
852 936
498 873
450 879
217 256
875 902
382 653
450 864
222 289
288 430
107 207
743 825
286 590
268 317
12 395
558 621
845 971
469 472
717 922
347 934
177 600
160 182
333 375
555 631
412 664
122 194
936 970
559 946
573 614
179 967
625 736
587 595
59 581
415 649
332 761
860 934
446 713
393 397
24 172
835 951
145 435
308 757
253 432
5 315
218 493
842 971
581 910
513 789
203 320
3 513
316 447
28 862
244 255
415 424
630 727
250 416
223 909
6 172
514 839
362 731
331 685
263 573
594 713
775 913
288 915
230 915
86 128
329 609
385 734
95 715
463 696
37 131
605 654
42 118
404 492
175 848
88 772
33 437
564 836
751 945
203 211
332 640
293 690
320 424
414 677
138 491
110 620
527 714
626 920
469 831
30 323
643 762
154 432
794 989
90 347
91 901
423 652
342 540
715 859
117 743
272 606
233 381
111 578
94 203
30 276
671 705
658 666
163 466
449 612
147 151
242 701
47 705
16 586
398 730
444 514
67 824
408 471
48 448
518 893
602 899
521 625
530 603
421 642
442 692
32 842
84 588
435 634
140 450
219 537
14 531
354 402
