247
23289 26165 20472 62649 66570 93305 33676 63429 90838 30008 54999 25450 61899 6097 20375 106 11608 21409 96839 75830 7796 87166 7896 60288 66685 48596 73317 78324 95348 49714 45668 13514 75878 66139 76163 37325 54321 4716 95631 40036 34724 50630 60362 91499 51603 80736 91604 63210 97022 83321 33917 4818 65364 41812 59982 32049 85284 28176 5251 75510 77889 50918 89023 48645 11934 60063 85969 61131 59656 76477 96044 94379 21984 56406 80755 73586 32020 72360 31673 23919 50558 65589 28736 15922 7402 83594 42848 87562 11770 42975 57949 84536 88769 41850 33181 95579 1913 14027 56710 61568 90504 47631 50824 12488 4038 31580 80951 30934 98816 12624 54852 44251 78213 78464 60172 80491 62058 97896 62930 68704 0
40871 20880 53240 24517 62729 81297 20096 59518 95324 71683 15964 80705 19314 66787 88069 18228 93243 69020 49161 86936 81644 98889 31187 54734 77353 86236 35225 34288 84132 93031 2993 19881 13911 56232 44397 71516 37530 64493 31035 27731 36176 41875 8436 50366 8662 96504 68594 96782 65525 12632 83718 42046 11522 9783 96779 88874 96018 26881 23163 80150 19912 21032 94907 28700 72140 39305 95092 4547 98674 21004 32277 29727 62878 40712 80092 66417 32094 43563 63199 92495 56195 41794 34541 67716 51576 26197 51467 42471 47954 74629 22622 62742 95660 0
12406 91441 62678 51710 81411 67224 45261 2415 99501 74987 65293 35090 49957 31710 62060 93519 89785 54555 26456 83972 12307 78032 10169 63774 20503 58122 38403 38001 20865 28941 45284 7183 91618 96993 88593 53719 42255 85885 53220 12119 51178 83187 62075 77764 45247 50472 62426 94679 186 88881 78651 12493 61790 83697 76266 77170 41819 9546 10048 57560 33363 55331 59620 19858 47202 48213 73577 84333 28975 21674 96451 75029 99737 53404 52793 39862 3876 10096 98937 98977 13192 11430 55644 96888 82572 32814 33585 86995 37739 86021 15235 93069 45641 29970 40271 93854 98423 24604 17706 14974 15933 92735 14712 69336 45528 0
54573 68088 50501 83990 67025 44355 0
92058 73332 99998 88947 55904 27690 17409 37776 65428 3430 47888 53374 49071 77857 93645 37802 76280 0
13126 55507 91253 23935 48242 842 88147 0
88647 50291 56235 0
39148 34281 23261 0
78379 0
26340 0
96592 0
78377 0
10164 0
47373 0
6067 0
27572 0
80026 0
66371 0
25878 0
27914 0
19746 0
74948 0
648 0
8268 0
7627 0
76927 0
16270 0
58011 0
63057 0
40205 0
1130 0
58776 0
28352 0
89776 0
9067 0
84587 0
23801 0
38225 0
2725 0
2180 0
64564 0
99316 0
75434 0
74727 0
46689 0
76377 0
97175 0
26715 0
42749 0
23053 0
49505 0
57371 0
92878 0
50152 0
65638 0
95381 0
21956 0
81907 0
53392 0
79890 0
16989 0
54522 0
38666 0
40218 0
39175 0
42609 0
24805 0
57853 0
80833 0
27529 0
54909 0
40274 0
21722 0
30343 0
15001 0
63287 0
1598 0
7053 0
90002 0
39223 0
24983 0
34384 0
96593 0
12738 0
57108 0
2996 0
1369 0
39015 0
56388 0
81258 0
50881 0
5787 0
14801 0
91098 0
39838 0
57410 0
10780 0
97690 0
33120 0
33185 0
47477 0
73394 0
54906 0
72696 0
83271 0
18193 0
74293 0
90324 0
3072 0
13516 0
10184 0
37456 0
10109 0
22921 0
16869 0
67216 0
20793 0
18237 0
1109 0
72057 0
99495 0
46866 0
77843 0
14296 0
37964 0
12559 0
66582 0
48743 0
5126 0
99702 0
81927 0
52602 0
73096 0
25299 0
56367 0
49902 0
99591 0
41568 0
52974 0
13108 0
51751 0
85306 0
18093 0
69548 0
2175 0
80186 0
90341 0
20411 0
81294 0
62398 0
14783 0
28160 0
35119 0
23956 0
61000 0
42554 0
85414 0
4620 0
47679 0
85116 0
81423 0
282 0
53089 0
13133 0
25580 0
4334 0
63034 0
20048 0
45901 0
10885 0
28032 0
92529 0
96190 0
46125 0
56954 0
98364 0
21188 0
42172 0
13653 0
97358 0
99447 0
23312 0
25518 0
34566 0
47267 0
81394 0
77119 0
27559 0
80890 0
19675 0
12675 0
62313 0
19956 0
60641 0
75445 0
40412 0
64974 0
33356 0
60460 0
10875 0
39118 0
88491 0
3404 0
35308 0
29493 0
60358 0
28550 0
45557 0
97406 0
37079 0
42915 0
96853 0
60390 0
63309 0
31419 0
2535 0
44703 0
3415 0
30093 0
25593 0
23090 0
37644 0
82782 0
37922 0
98284 0
58227 0
78334 0
63258 0
86460 0
33671 0
74133 0
25578 0
17039 0
72413 0
55762 0
41409 0
27648 0
84311 0
86965 0
25055 0
21390 0
29881 0
21908 0
76657 0
93189 0
48204 0
79191 0
40
2 41794 39838
3 64974 48566
3 38403 15001
2 27690 98122
2 13126 14783
3 47189 33356
1 39223
3 86021 77889
3 57949 91499
2 1109 47954
2 62878 60025
3 10885 37739
3 28975 95348
3 72413 73096
1 62058
3 27731 39305
3 1598 50824
1 88769
3 91499 3430
2 87166 78213
2 59518 28700
3 33585 45261
2 53392 81644
2 28941 96044
2 59144 72360
1 36176
1 37739
2 12738 42255
2 3404 13653
3 25878 10885
1 40712
3 96853 77857
1 47954
3 71683 77889
3 69548 10875
3 34566 94379
1 72057
2 23956 66582
2 50881 78377
1 25593
