14
33387 47578 21520 54287 17905 76196 61989 36890 82582 67738 40960 31184 94655 89133 4358 28478 98979 18792 83478 61967 97589 46996 36436 38523 44588 51468 85368 58047 53964 62886 70121 87350 10465 86517 36514 23246 62713 98503 60135 45295 66241 95971 71355 55773 79981 75713 84250 78960 89381 67728 35804 86970 9601 72240 20371 54188 18585 5739 7113 72548 63501 77233 59899 68842 63750 96412 92087 21340 89792 47099 66634 50910 37948 37989 6683 12806 8579 90933 91766 97960 53538 22447 84930 63139 89563 5301 12204 8149 5916 19316 80696 64294 96548 35472 33136 55175 31885 20101 76514 16554 67199 0
38025 67464 24 70891 74146 12830 79469 59956 99472 72306 13495 21919 52114 71510 11483 52291 83713 19631 53084 3030 327 17378 94454 35799 50513 49630 62560 70613 21021 73990 32690 59046 41454 27590 24814 10478 35296 99159 65310 34768 71466 73681 56687 18457 45191 63046 65624 28905 82676 18708 26811 77879 30962 21265 8555 81475 65771 65991 46965 86792 39982 74531 40715 76312 2122 65528 86789 37417 64687 46977 67062 31030 20658 18626 49486 65849 81671 15111 89630 64347 28695 16441 37103 59657 32582 45658 36009 98353 6526 82973 80022 46507 52382 20737 22820 49380 86264 4486 86796 50951 51462 48735 81981 66997 67360 26344 27723 49031 17353 8255 65026 28670 45358 24683 61251 85892 60691 54481 92417 38541 34503 33802 90922 55239 51498 40302 36380 55983 21976 87331 2323 70710 64189 69319 32948 90532 97041 81978 26864 9271 85110 91889 37940 25345 11449 94067 6114 72139 43426 93407 5557 77928 27209 96479 28045 78706 31658 64424 29567 48510 46632 31889 19221 10821 96084 47045 96230 93125 23900 23094 2396 9010 9860 35212 29231 21308 24156 35344 88323 67581 28752 93879 40387 55960 85235 63308 29544 16894 27732 59110 65403 69241 85875 79500 80061 81959 26545 71168 75084 45322 94261 72356 54331 98997 2445 83562 15182 26600 13783 3505 89058 42534 97384 29445 93371 82619 92752 17792 94389 15361 76901 59793 84601 57653 34170 59540 39612 60715 30708 9573 6037 19847 76805 55244 18844 79249 33683 28903 726 42343 32407 89783 84876 24668 14105 73124 2165 1734 90915 96553 0
17095 62693 51223 96572 20346 85393 56112 54834 40985 81697 64406 41898 1544 41211 92018 15264 15337 25702 44166 16063 68044 71450 5846 47797 96117 14828 15799 93158 16561 1591 84589 28532 64284 0
35812 25105 79506 16082 76093 34341 51943 57790 98746 93840 0
59333 34835 0
80736 69474 50171 0
1315 8517 66233 0
69358 79966 66956 0
12032 0
70961 0
76660 0
22707 0
64119 0
93220 0
33
2 59899 98979
1 75084
1 4358
3 60691 28752
2 6683 2445
3 5301 56687
1 96479
1 60715
3 21308 12204
1 86970
1 51943
3 74146 73681
1 20737
2 51462 79506
1 56112
1 46965
1 38523
1 65541
2 56687 34503
1 4358
1 81475
3 15107 16561
2 96572 27209
3 29567 93125
1 67360
3 52291 44322
2 14105 3256
2 6037 17378
1 80696
3 98979 46996
1 10821
1 70303
1 96572
