16
781 812 74 723 633 897 928 753 582 504 907 163 989 432 654 820 60 50 493 704 789 52 149 694 10 334 662 902 641 280 523 773 92 596 496 76 844 423 828 425 279 0
734 940 267 166 593 87 577 642 931 632 782 0
780 476 344 465 137 597 105 769 119 878 860 66 725 287 909 499 114 686 777 200 0
625 0
396 717 569 834 293 0
210 0
764 0
276 0
991 0
97 0
55 0
818 0
792 0
519 0
307 0
741 0
27
2 60 55
2 267 596
3 928 931
3 677 119
1 723
1 493
3 119 707
3 119 654
1 597
1 396
3 114 87
1 26
3 137 834
2 723 909
2 523 734
2 114 582
3 820 499
3 87 686
1 662
1 654
3 50 625
3 76 519
3 307 293
1 723
2 704 777
2 662 734
3 236 74
