120
25065 38283 39362 67042 65261 58570 96374 10421 16372 22762 93539 84683 38380 4026 47925 91003 85246 38834 10530 20807 85363 2915 14859 46871 81565 36575 26447 50163 79960 67682 77210 5025 5965 11449 66944 66103 70019 63318 76523 86390 80956 64939 65950 19337 68964 13875 5217 49087 52708 15747 69894 32949 18661 79629 74696 95103 16204 1143 40143 96163 63702 17354 96065 64543 23679 63009 30646 88574 21204 2047 74964 2160 61862 40915 21496 25704 49666 21590 74790 97251 32213 39561 30200 45750 19190 4896 40853 35393 915 80996 26434 59493 93226 22499 24037 16905 85507 49559 5480 6711 51605 75320 8870 8345 11112 25243 34048 60778 41709 3715 58029 73921 43276 83105 19671 57342 88000 60524 87612 83791 41520 14046 43285 34746 36544 67321 46527 16928 11757 46883 23638 58239 22204 27384 66583 33315 47503 95507 88969 89211 99221 46998 58009 37374 30103 77680 89593 12980 33081 77205 96771 69477 91250 34933 99099 22671 97130 45626 39598 8887 92509 58112 67125 9590 80372 33708 42904 22753 29215 31874 6841 23314 73748 64850 55564 98728 37407 45157 11708 65364 22362 3356 34841 8489 38288 28817 26036 35418 74442 60510 44305 61828 13499 11430 66294 93871 40015 4076 11501 64106 30826 18341 82296 4574 78067 37861 3302 10351 77894 9887 75714 95133 13242 5432 3622 51530 34248 24535 86947 3568 85044 31252 60272 98543 37559 26567 87291 77573 30642 98791 36556 61467 12009 18853 60917 90076 56713 64219 95303 34607 74105 71018 24617 87346 76449 23116 33753 5575 47650 20701 9142 27571 46829 64290 26114 84387 90856 13405 56837 16375 7073 93393 72718 19082 12246 33636 4035 63835 92731 99337 93318 66836 70355 17936 49059 41682 41051 77689 42133 83577 98389 46151 11148 45218 10441 37262 24483 0
96174 45543 81319 12549 52616 74712 85267 66574 81834 18903 70608 45669 11634 69945 38988 73346 35178 51800 17282 76859 87727 94970 13869 71304 88236 60019 82451 28332 70459 14590 52814 66633 60133 29010 74059 7626 0
3723 54203 74199 80433 67982 44807 26103 74492 14752 59967 42715 44806 6644 0
59996 16542 94370 0
49844 30410 0
65674 0
32957 0
90428 0
48125 0
61288 0
55765 0
62715 0
8979 0
17275 0
17725 0
37989 0
91333 0
25350 0
36588 0
45536 0
99548 0
17021 0
13518 0
39232 0
38000 0
88009 0
48860 0
97966 0
30724 0
93666 0
99486 0
85597 0
10208 0
93856 0
30318 0
40618 0
59530 0
58151 0
31046 0
7656 0
19440 0
81687 0
65247 0
23295 0
98962 0
82971 0
61283 0
90295 0
8321 0
97870 0
30709 0
2746 0
9769 0
39103 0
36854 0
47768 0
21990 0
85713 0
40612 0
47590 0
79379 0
40098 0
28064 0
84464 0
33955 0
58381 0
25082 0
88361 0
16533 0
51004 0
90893 0
30849 0
32692 0
56140 0
49020 0
26531 0
33988 0
10304 0
16826 0
42308 0
3051 0
42411 0
39930 0
7696 0
81514 0
76783 0
55464 0
3504 0
57374 0
90952 0
45970 0
36753 0
25927 0
74034 0
16094 0
54758 0
32415 0
41175 0
43120 0
43824 0
87056 0
34013 0
69549 0
14625 0
90153 0
18570 0
41155 0
24141 0
23750 0
52857 0
61326 0
26800 0
95268 0
96132 0
29373 0
71659 0
67793 0
84836 0
70039 0
25167 0
42
3 16375 81514
2 58112 49559
3 96065 13242
3 19671 20807
1 30724
1 67682
2 41520 21590
2 59996 67321
3 24483 11708
3 71018 88009
2 29215 90153
2 8979 71427
1 3715
3 82296 83791
3 7073 58009
2 59996 26800
2 91333 81565
3 16372 98543
2 14625 3276
3 8321 26800
1 18661
3 75714 72718
2 99337 9
1 79379
1 81514
1 16542
1 77894
1 29215
2 92509 40015
1 92509
3 69549 59528
1 9887
2 33708 10530
1 11634
1 41709
2 36575 4896
2 45157 71027
1 37989
2 38283 43824
3 25927 70459
3 65261 44305
2 28332 11757
