151
67335 13052 80262 98306 90633 84018 77467 65862 3121 32241 41725 24314 91735 7661 51584 21938 70769 507 51827 64488 13799 52596 2858 57714 31694 61353 59554 65573 44648 98569 41072 11983 6498 16211 5166 97130 95106 82632 62992 98226 9750 4717 17417 1486 7255 63878 18300 72900 64384 65003 37388 78182 17600 40246 30773 44170 96475 90326 9744 41123 83772 45692 47983 90269 61903 53148 82276 57009 30658 45269 50112 40407 44862 67529 36769 52116 26284 55069 25017 90667 14949 62404 68849 32548 97526 99622 71595 94001 84825 81338 30002 68598 27030 77984 53744 83809 31132 30898 35695 56666 76166 80684 97073 15905 43090 28719 62898 69373 78664 87914 60040 93613 45195 23766 21038 37599 23388 92632 26477 3091 68847 56478 66565 90754 29339 20309 74563 55348 46083 5136 12014 22249 85819 3964 33031 28909 32683 95928 98281 6224 78719 53198 99836 18791 76963 20875 0
56389 95228 8384 77743 98318 77231 34221 64883 67985 58437 80068 37425 13785 26152 42560 25798 43277 28379 24639 76307 52164 52198 67112 50445 58421 45831 3643 53135 64622 80606 68886 15888 70711 77269 93630 69029 49377 22729 28789 17362 81165 8857 49664 94949 29885 92223 15624 73162 15480 35139 44346 67643 87336 0
11459 12966 40635 0
57289 11485 93769 16788 86967 0
62655 32676 0
57678 0
34801 0
26306 0
26707 0
84178 0
49034 0
55495 0
96416 0
25076 0
59229 0
46080 0
20025 0
89113 0
33181 0
30526 0
57152 0
48660 0
65664 0
1499 0
11180 0
47878 0
7834 0
24145 0
88512 0
65122 0
35630 0
82281 0
76787 0
22597 0
39813 0
9463 0
80275 0
74613 0
30645 0
1859 0
53668 0
74556 0
57354 0
50085 0
99631 0
11460 0
96164 0
19657 0
573 0
24222 0
45059 0
52602 0
72881 0
10723 0
54100 0
78938 0
53477 0
56810 0
3083 0
41989 0
16809 0
38712 0
19147 0
93595 0
56186 0
53836 0
3058 0
31338 0
23327 0
33703 0
33196 0
76994 0
8259 0
85426 0
27079 0
7890 0
96885 0
18121 0
22423 0
92335 0
37219 0
62358 0
44937 0
10101 0
67958 0
93913 0
89038 0
21435 0
50723 0
86997 0
58301 0
67531 0
20587 0
77447 0
61127 0
76772 0
26161 0
59061 0
2987 0
49487 0
87640 0
36182 0
26481 0
95898 0
21609 0
48437 0
98665 0
13371 0
61434 0
15965 0
583 0
98652 0
73200 0
45519 0
3630 0
41158 0
34309 0
87544 0
57469 0
79908 0
74542 0
15770 0
47440 0
95128 0
93217 0
3444 0
66777 0
19378 0
57381 0
69763 0
63741 0
45022 0
822 0
90221 0
35797 0
17307 0
33535 0
25555 0
94968 0
40181 0
26137 0
93621 0
13381 0
71656 0
97250 0
54538 0
842 0
84795 0
12007 0
80750 0
54214 0
38
1 13785
2 8384 64784
3 71656 65122
1 9463
2 65573 31338
2 37425 98569
2 3058 82276
2 82823 51827
1 57678
1 87640
2 93769 2858
2 77231 94968
1 76963
3 56389 17362
3 36182 15905
1 74542
1 26137
3 25017 59061
2 19378 97073
1 36182
1 93630
1 57354
3 57714 93217
3 19147 65132
3 84018 16809
3 63741 37959
2 17307 9750
2 57469 52596
1 68886
1 19657
1 16809
3 74542 21938
3 87640 55348
2 57354 68598
1 68847
2 78664 57354
1 78651
2 35797 40635
