1269
-63 -19 -46 65 -49 56 -33 62 -94 8 41 99 -72 -69 77 -95 -15 -69 52 81 39 86 55 -89 -44 57 40 -1 -89 1 14 99 82 68 64 83 -27 -70 45 -21 -12 -65 -23 16 -34 -96 -29 2 -65 74 -68 25 59 88 36 65 44 -74 -36 5 -23 28 4 -42 -55 -33 92 18 -53 -14 48 36 21 75 -99 38 79 -27 90 65 97 -79 -11 55 -92 75 20 3 -100 34 58 -23 -39 -89 -14 6 -72 -73 74 -24 13 21 62 84 -4 13 21 -76 86 10 89 32 -18 -23 -13 -60 -48 -94 43 -98 -10 -49 -70 51 -88 16 -94 -59 -7 80 -33 -95 -49 79 89 47 -9 -40 21 -73 20 10 59 -99 87 -55 -58 89 -99 35 92 -9 36 -79 92 49 -13 48 40 80 28 -94 35 29 85 -27 -75 -75 -17 46 -48 -97 -45 -89 55 93 -94 47 81 -92 -68 72 -51 18 93 92 -34 -71 39 56 -92 -84 62 -7 45 -4 67 70 22 -51 16 74 -98 21 35 8 13 42 -46 -6 0 -64 -85 49 55 -92 40 71 88 -71 27 97 -55 -62 -11 41 35 -95 10 -94 -45 76 30 -93 -53 -85 15 60 57 20 -97 -44 56 -81 55 -40 78 -55 -69 65 -26 58 11 19 96 -100 -91 -20 56 20 -64 -90 -55 17 -82 -8 32 -17 -98 -12 -98 -95 -6 9 -76 -52 69 -99 -7 50 17 67 7 -73 -64 -47 78 -55 -17 34 15 -30 44 11 87 12 53 18 96 55 56 98 61 -51 -44 35 -3 -75 -13 91 75 -97 7 -68 -70 -7 -65 -92 39 -32 42 -97 -12 -65 14 -26 -2 -33 42 -7 -79 -3 -60 32 46 -3 -33 94 -28 54 84 97 57 -60 79 37 34 64 45 -78 -68 -64 -75 20 -28 -10 45 70 7 -14 -88 -22 84 -98 -90 -21 -51 -73 -28 21 31 -95 -32 -13 -54 -54 74 30 -90 19 52 93 5 27 -38 27 -84 57 -4 -27 -57 -42 52 77 -39 12 -95 10 39 -22 82 -31 -17 -51 6 -21 -55 -21 -92 -95 48 60 48 -47 -63 61 80 -97 17 -74 -23 10 -66 79 -64 -55 -10 -58 6 79 20 -13 98 53 -14 -47 -68 31 -18 91 -13 81 1 -66 84 38 45 63 41 -38 39 68 22 24 46 9 69 86 51 -26 64 -80 11 11 73 97 64 55 -22 -54 46 65 -74 -54 49 -91 84 -6 22 -26 6 -89 -58 78 35 38 -14 -47 24 -64 -22 -63 -94 89 49 80 36 12 -16 -87 58 -71 28 34 -25 -24 -7 -92 20 66 -17 76 77 -25 54 -39 -88 -61 -36 -14 -74 42 24 -68 31 -28 62 -34 84 -54 -71 -8 -25 57 76 1 83 -31 9 -47 85 42 -72 11 67 82 72 30 72 86 -85 98 28 -11 -71 -92 61 92 -76 -5 88 -47 87 -38 60 12 13 -8 31 -78 45 15 14 74 -75 -69 5 47 61 -24 33 26 -27 -90 -85 -47 69 26 -56 93 -80 -69 96 57 -57 55 -31 57 97 50 29 42 -35 93 15 -60 -77 -81 38 34 -54 -30 -40 19 -70 -75 72 99 51 66 41 22 47 36 -22 41 -60 -3 -3 -64 -53 76 28 -38 68 -58 -48 42 -88 90 -25 -42 -91 -15 27 -61 10 -51 88 -39 -86 28 33 12 -87 -90 -48 -47 8 -1 -60 5 -26 68 17 92 61 69 33 23 59 -92 31 18 -7 -43 8 54 6 -5 65 -29 74 -3 33 87 7 85 91 65 -67 81 -81 7 48 36 -52 -42 -45 82 81 -87 40 -39 -19 83 -31 89 36 75 -66 0 96 -93 97 28 44 -46 -38 -16 69 -5 -36 89 52 63 -26 -100 -80 29 32 52 42 -29 -88 74 -47 -19 62 40 -94 46 90 52 53 37 -70 -53 91 -8 31 9 38 96 -3 -11 58 72 -11 28 0 71 -21 93 -59 -58 66 -55 23 -23 85 -21 -77 24 82 26 -40 -89 73 -50 3 4 10 -60 -51 -94 -20 -94 28 19 34 -72 -10 64 71 31 -95 -14 26 -22 63 -40 8 36 85 -11 -88 -56 0 85 -55 53 -62 55 44 -63 11 -77 -57 -61 42 28 -83 -69 -59 88 13 -54 -27 89 -26 86 -51 82 -28 84 -30 -16 -73 20 -82 -78 -27 -93 27 67 -56 -62 90 -62 -23 -19 16 -56 -37 57 -69 26 53 -46 14 -74 90 13 59 -89 -4 -72 -5 24 -1 -36 -4 72 -79 -77 38 -85 -89 -23 -97 -12 58 19 32 71 -75 13 -4 28 17 -90 5 6 23 -37 18 -81 -59 63 -7 40 77 39 -39 48 62 49 64 73 76 17 -90 -16 87 -8 -46 -89 55 1 -10 -29 11 95 28 84 -93 96 53 -52 8 96 39 -15 35 50 -68 -54 -1 46 70 -76 -37 30 8 -51 73 13 -90 -23 -87 -50 -1 24 95 -74 -43 -99 -79 61 -100 29 56 -11 64 -60 -62 47 -63 -13 -58 57 12 -45 -64 70 4 -92 -18 -35 -14 -5 15 35 69 10 61 -74 -39 32 87 -39 -90 -8 50 75 -17 39 -29 20 -75 13 -24 -13 69 -38 -43 -78 -29 39 -63 7 85 3 -59 53 -88 52 79 -77 -17 15 -15 -57 58 85 68 -60 23 -62 60 -1 2 86 86 -80 -53 -58 -58 -32 32 -70 25 16 33 16 -32 -5 -83 98 18 0 -38 53 -6 -81 -12 -39 -91 -90 -50 19 -41 52 4 -55 72 2 -63 64 20 19 94 96 85 -24 11 -47 71 29 -100 -61 79 -88 92 -28 83 -21 -16 92 -60 34 11 -1 -15 65 -6 -94 -84 -18 20 37 -100 -36 32 86 40 93 89 11 -29 39 0 -100 1 -9 -28 -17 21 6 -75 11 -61 36 60 -26 -50 -46 -70 -33 -14 51 54 -64 -86 -65 72 4 78 60 -86 -51 -52 -36 -51 50 56 -29 -68 -74 78 -43 37 67 43 -4 -59 44 50 -29 61 86 -79 -36 -78 86 -1 94 -10 -74 4 -46 -75 52 19 -76 1 -76 -4 -16 -50 -77 -9 87 90 85 -18 81 28 83 -48 -62 18 -77 2 40 60 -100 34 100 77 -63 -47 -98 39 22 -74 91 46 -28 -76 46 -5 15 -18 -65 -51 65 -85 27 -3 -83 65 -86 92 -34 5 1 -84 -62 0 94 -75 3 46 14 -75 72 4 21 95 28 -33 -61 94 49 -26 -58 -37 -60 20 10 -93 -16 -25 99 51 80 -51 67 68 49 10 43 -48 -45 -44 -23 78
40
D 92
I 70
D 24
P
I 7
I 50
P
P
I 31
D 87
D 75
P
D 100
P
I 72
D 90
D 57
P
I 80
D 49
D 34
D 34
D 28
D 38
I 93
D 34
D 31
D 6
D 29
D 37
I 1
I 62
D 31
D 4
D 55
D 7
I 24
I 14
I 4
P
