34 67
714 700 551 947 623 216 237 542 691 282 250 97 170 638 291 111 376 918 57 530 966 859 959 845 960 127 815 69 411 849 487 476 900 389 423 874 604 11 415 294 644 17 391 813 654 33 275 29 951 331 910 916 541 869 112 500 995 926 920 757 126 407 233 26 795 655 251
399 665 666 44 308 682 786 472 335 819 98 364 769 428 625 36 320 493 147 172 840 72 91 596 550 497 828 927 644 834 177 394 498 842 789 157 523 575 980 210 393 77 925 513 856 549 548 176 42 694 347 233 117 789 828 18 638 8 944 633 841 121 26 339 962 166 847
837 740 179 46 484 255 322 996 463 870 895 990 263 940 688 495 409 476 675 426 113 682 370 745 522 842 122 212 155 288 411 991 379 589 388 863 843 709 210 657 579 105 646 193 396 333 688 804 161 362 230 625 43 951 722 916 792 843 128 946 482 538 289 213 126 676 75
320 737 636 329 667 92 974 859 488 659 898 643 171 259 872 795 653 822 516 921 613 711 48 911 192 937 199 404 414 874 830 733 962 818 413 628 909 387 839 748 397 736 391 567 347 614 361 351 788 877 271 752 587 670 662 130 606 860 886 19 86 67 104 399 884 516 27
145 254 217 244 650 304 986 216 650 600 929 1 739 157 623 490 95 293 152 576 898 363 461 269 800 880 372 199 763 887 577 259 141 793 503 142 96 840 710 98 791 990 450 529 146 72 19 240 364 522 167 614 884 628 882 684 507 253 234 621 491 810 232 983 602 734 477
49 925 186 146 716 175 595 244 672 667 262 263 382 135 429 995 371 408 876 406 914 480 639 887 323 448 118 305 401 203 781 449 127 318 595 842 492 541 438 515 207 51 777 941 186 206 935 556 613 163 961 879 994 951 117 316 398 234 621 798 788 753 598 914 71 544 108
914 85 545 429 643 595 557 583 132 762 870 687 727 32 999 957 377 949 73 693 698 658 665 847 445 769 445 710 839 340 169 105 424 713 885 419 660 441 1 143 555 870 182 281 253 180 589 982 481 13 674 530 22 690 377 818 458 173 527 649 512 696 753 288 760 637 706
771 77 58 914 983 280 95 615 532 626 203 865 106 567 538 988 588 579 364 405 37 888 932 37 751 979 789 390 90 777 95 861 205 153 774 188 784 220 802 667 845 357 532 303 923 421 290 511 1000 5 267 388 244 550 424 994 528 564 384 618 340 830 830 896 334 955 435
117 174 237 784 370 945 315 24 867 735 313 729 86 669 996 473 912 545 248 258 425 811 641 394 502 470 223 398 156 177 832 272 702 420 55 423 364 721 447 583 808 111 311 893 780 306 718 43 203 965 300 627 776 292 20 629 114 242 26 269 770 210 540 823 981 947 245
697 19 691 279 826 154 589 71 933 247 140 327 449 104 627 75 231 270 446 860 383 39 237 651 808 798 191 982 131 489 578 827 507 621 457 685 774 45 755 58 643 894 384 443 349 362 869 932 632 314 143 14 352 731 17 511 529 559 844 11 47 422 837 553 42 293 589
815 689 695 872 684 940 255 126 289 969 995 572 600 660 714 965 12 444 981 874 324 539 718 334 585 139 170 490 532 814 78 346 855 773 569 538 712 175 15 352 143 9 923 742 21 636 707 384 432 687 257 755 578 326 89 162 816 610 3 347 424 433 44 278 557 612 167
620 787 181 324 929 542 246 23 562 234 729 945 17 767 553 771 696 879 859 858 694 469 212 393 244 644 436 873 552 48 39 172 834 571 495 114 464 92 136 25 677 864 321 693 983 874 464 678 104 674 887 149 494 451 541 737 446 977 961 998 24 351 521 209 922 15 322
385 458 458 762 135 673 434 179 7 307 994 685 762 668 923 911 513 373 451 602 819 427 562 168 802 913 688 10 834 54 684 570 511 141 683 997 165 117 528 172 775 521 208 537 540 130 799 53 855 249 654 25 28 215 192 181 479 231 191 664 284 226 234 146 366 916 495
530 384 22 701 159 542 908 695 82 390 493 134 596 93 139 620 120 353 163 653 184 393 195 847 676 420 432 173 785 700 667 666 83 688 719 241 230 978 287 663 367 779 796 314 872 286 933 343 990 95 995 173 839 189 20 866 608 803 39 744 502 705 762 585 393 480 177
974 457 464 636 176 242 783 841 465 68 774 160 57 220 506 582 59 47 601 276 6 755 314 102 257 371 863 193 115 694 369 88 502 832 75 29 426 209 870 242 628 643 753 36 214 259 617 624 305 569 900 662 324 565 763 580 935 625 124 49 318 492 136 820 676 562 848
453 770 717 694 749 711 447 785 277 57 401 900 361 322 151 374 645 716 137 576 650 761 699 699 431 542 186 602 217 748 801 21 869 870 715 970 932 513 754 208 569 506 108 929 827 258 302 471 973 790 398 623 903 96 673 333 990 858 286 558 957 438 579 178 307 293 147
239 805 252 446 373 757 905 653 584 515 306 54 487 96 804 461 998 899 485 682 888 343 319 798 651 756 376 828 415 668 326 653 824 577 450 548 334 355 200 269 221 857 674 59 304 477 872 301 376 356 334 615 698 652 764 701 760 139 880 174 158 206 178 981 134 627 880
819 333 431 87 553 288 761 612 591 237 483 244 964 190 577 931 888 581 694 940 692 185 819 865 342 376 42 675 510 20 554 680 353 337 767 257 624 879 220 566 115 54 809 431 244 738 713 483 670 758 422 361 942 592 577 636 968 970 310 829 989 215 508 693 551 274 302
526 152 521 92 619 927 252 401 170 341 113 4 10 222 425 722 164 16 650 151 335 971 812 163 312 26 671 4 929 296 657 806 800 530 249 770 456 501 170 977 841 634 980 203 855 756 276 370 771 278 520 458 248 331 620 559 709 642 915 989 290 571 794 89 100 43 858
555 895 379 883 87 12 862 289 218 617 917 940 740 194 459 197 441 142 168 1000 202 162 266 190 451 836 335 891 936 377 748 842 271 126 725 358 489 938 998 706 555 266 645 294 459 456 842 252 949 9 603 150 522 868 691 972 703 25 862 990 754 961 184 376 438 908 85
926 845 83 984 751 348 980 44 159 787 237 762 735 598 364 236 119 583 278 91 285 655 304 627 408 265 810 783 702 717 220 980 913 302 963 664 1 294 59 511 81 296 272 167 245 987 755 363 569 384 453 206 38 757 832 797 373 641 932 426 709 151 405 973 804 719 988
804 13 47 667 445 694 290 963 290 277 69 652 845 453 105 402 842 213 233 639 937 225 570 362 933 72 767 258 875 837 245 30 201 643 696 997 688 986 960 977 614 380 629 810 832 85 212 26 649 444 664 937 21 585 298 305 656 416 562 882 253 159 911 805 801 959 802
841 944 761 817 909 492 797 718 324 233 929 701 233 725 364 169 745 300 819 49 307 234 963 188 838 121 98 643 273 56 444 113 351 556 282 259 47 430 329 722 663 257 422 895 333 137 416 77 436 234 478 742 467 440 281 657 912 379 299 184 786 94 297 137 649 930 747
47 359 75 769 373 684 542 620 16 679 35 445 466 268 922 560 86 713 840 94 624 570 392 807 356 485 455 844 485 384 942 532 95 17 652 467 700 545 86 67 223 120 511 41 739 784 952 177 496 791 270 471 713 14 630 420 850 436 615 687 820 556 218 266 572 221 732
623 765 818 42 340 289 552 380 380 688 331 908 535 473 177 6 537 542 987 956 392 422 570 78 241 478 647 506 401 219 590 24 335 759 417 674 399 320 405 778 7 87 37 542 912 214 899 448 107 885 756 850 306 677 927 899 154 925 756 555 495 345 930 830 455 346 503
854 665 260 983 24 346 20 917 257 585 815 57 691 51 812 541 356 488 819 606 642 96 362 548 590 58 477 771 513 822 274 718 838 533 700 213 230 719 129 487 655 943 543 698 345 706 238 701 193 408 306 186 855 19 733 797 77 209 567 941 382 192 658 572 724 709 784
306 780 913 792 434 207 686 131 552 391 720 252 935 480 909 121 334 280 853 130 356 414 49 648 795 240 657 366 316 365 150 621 496 414 764 930 620 801 412 171 191 484 774 477 963 683 597 648 962 802 778 669 567 178 668 713 417 324 79 732 40 580 352 536 993 115 817
964 915 580 135 457 63 908 286 377 942 882 25 903 35 154 923 953 331 590 666 747 265 96 831 305 675 182 192 19 649 360 982 915 291 468 724 354 376 9 82 317 242 106 572 629 611 846 581 941 436 246 40 700 341 870 356 367 403 899 737 51 258 71 318 901 538 393
254 265 401 687 934 994 793 505 622 755 350 203 696 137 800 87 189 141 308 896 859 710 795 596 113 404 666 430 304 555 822 909 820 574 596 753 567 740 609 541 494 310 95 541 447 894 627 635 386 934 530 597 996 676 192 108 80 209 537 735 763 710 644 934 635 239 686
553 330 646 93 823 956 187 364 402 433 342 388 818 628 269 414 623 945 957 82 376 517 970 110 280 679 753 213 665 343 251 217 672 896 310 847 203 848 562 956 280 903 343 450 882 964 215 856 908 524 937 635 40 906 744 319 936 849 884 600 543 486 817 215 733 126 61
936 973 622 891 605 876 586 54 110 549 620 965 808 143 902 794 183 159 889 853 95 737 88 694 280 573 510 846 306 987 258 593 312 231 835 268 458 772 673 567 672 292 884 831 435 137 624 969 295 513 821 389 249 909 435 880 833 296 77 490 283 334 434 946 564 269 213
22 392 885 940 64 528 823 894 314 959 518 282 606 382 455 994 982 715 780 862 547 76 290 389 358 624 822 655 539 442 867 912 834 103 852 897 630 26 790 944 337 659 577 942 392 31 287 374 97 67 587 644 142 876 384 851 499 205 505 390 647 723 301 480 825 504 728
454 530 869 749 866 528 326 159 919 708 445 644 805 863 230 800 4 106 183 854 956 387 710 345 385 432 998 216 608 501 943 414 382 812 162 247 691 839 757 961 547 202 605 351 64 834 502 420 291 684 625 599 422 687 943 807 118 292 22 78 793 965 491 174 128 4 773
818 195 529 778 93 82 382 795 498 568 296 269 858 979 893 456 752 579 751 558 49 42 932 478 186 248 320 712 375 323 484 192 869 364 969 961 798 703 755 647 270 50 915 479 380 159 287 132 738 37 689 138 430 972 615 968 219 934 679 593 608 514 136 477 877 105 789
